BLZ	POLYGON((-89.2248153686523 15.8893003463745,-89.2248153686523 18.4965572357178,-87.4681243896484 18.4965572357178,-87.4681243896484 15.8893003463745,-89.2248153686523 15.8893003463745))
HMD	POLYGON((72.5965347290039 -53.1920013427734,72.5965347290039 -52.9094161987305,73.8591461181641 -52.9094161987305,73.8591461181641 -53.1920013427734,72.5965347290039 -53.1920013427734))
BGD	POLYGON((88.0283355712891 20.7411117553711,88.0283355712891 26.6319541931152,92.6736602783203 26.6319541931152,92.6736602783203 20.7411117553711,88.0283355712891 20.7411117553711))
SGS	POLYGON((-41.8160552978516 -59.4842948913574,-41.8160552978516 -53.6468925476074,-26.2293262481689 -53.6468925476074,-26.2293262481689 -59.4842948913574,-41.8160552978516 -59.4842948913574))
ITA	POLYGON((6.61489820480347 35.4922065734863,6.61489820480347 47.0952072143555,18.5134525299072 47.0952072143555,18.5134525299072 35.4922065734863,6.61489820480347 35.4922065734863))
ATF	POLYGON((50.1702575683594 -50.020263671875,50.1702575683594 -37.7907104492188,77.5988006591797 -37.7907104492188,77.5988006591797 -50.020263671875,50.1702575683594 -50.020263671875))
TZA	POLYGON((29.3271675109863 -11.7600698471069,29.3271675109863 -0.99073600769043,40.4432220458984 -0.99073600769043,40.4432220458984 -11.7600698471069,29.3271675109863 -11.7600698471069))
OMN	POLYGON((52.0000010305666 16.6544023374904,52.0000010305666 26.387966244336,59.8365797624888 26.387966244336,59.8365797624888 16.6544023374904,52.0000010305666 16.6544023374904))
PAN	POLYGON((-83.0514450073242 7.19790601730347,-83.0514450073242 9.64443111419678,-77.1741104125977 9.64443111419678,-77.1741104125977 7.19790601730347,-83.0514450073242 7.19790601730347))
HUN	POLYGON((16.111888885498 45.7436081944074,16.111888885498 48.5856552124023,22.9059903199336 48.5856552124023,22.9059903199336 45.7436081944074,16.111888885498 45.7436081944074))
PRT	MULTIPOLYGON(((-31.2657470703125 36.9261741638184,-31.2657470703125 39.7320938110352,-24.7899436950684 39.7320938110352,-24.7899436950684 36.9261741638184,-31.2657470703125 36.9261741638184)),((-9.49594402313232 36.9612579345703,-9.49594402313232 42.1456451416016,-6.18269014358521 42.1456451416016,-6.18269014358521 36.9612579345703,-9.49594402313232 36.9612579345703)))
COL	POLYGON((-81.7281112670898 -4.23048400878906,-81.7281112670898 13.3902921676636,-66.8698348999023 13.3902921676636,-66.8698348999023 -4.23048400878906,-81.7281112670898 -4.23048400878906))
VAT	POLYGON((12.445764541626 41.9002227783203,12.445764541626 41.9066734313965,12.4576663970947 41.9066734313965,12.4576663970947 41.9002227783203,12.445764541626 41.9002227783203))
GRL	POLYGON((-73.2634658813477 59.7772674560547,-73.2634658813477 83.6274185180664,-11.3123188018799 83.6274185180664,-11.3123188018799 59.7772674560547,-73.2634658813477 59.7772674560547))
BEN	POLYGON((0.774574995040894 6.22574806213379,0.774574995040894 12.4086103439331,3.85170102119446 12.4086103439331,3.85170102119446 6.22574806213379,0.774574995040894 6.22574806213379))
PRY	POLYGON((-62.6450042724609 -27.6087379455566,-62.6450042724609 -19.2895603179932,-54.2593536376953 -19.2895603179932,-54.2593536376953 -27.6087379455566,-62.6450042724609 -27.6087379455566))
VEN	POLYGON((-73.3743133544922 0.649720966815948,-73.3743133544922 12.2019033432007,-59.8037796020508 12.2019033432007,-59.8037796020508 0.649720966815948,-73.3743133544922 0.649720966815948))
TJK	POLYGON((67.3871293149714 36.6741366006399,67.3871293149714 41.0422444143114,75.1372238295176 41.0422444143114,75.1372238295176 36.6741366006399,67.3871293149714 36.6741366006399))
IRQ	POLYGON((38.7924995422363 29.0606498718262,38.7924995422363 37.3780403137207,48.5759086608887 37.3780403137207,48.5759086608887 29.0606498718262,38.7924995422363 29.0606498718262))
CIV	POLYGON((-8.59930229187012 4.3570671081543,-8.59930229187012 10.7366418838501,-2.49489688873291 10.7366418838501,-2.49489688873291 4.3570671081543,-8.59930229187012 4.3570671081543))
MDA	POLYGON((26.6188869476318 45.4689025878906,26.6188869476318 48.4901695251465,30.1637401580811 48.4901695251465,30.1637401580811 45.4689025878906,26.6188869476318 45.4689025878906))
MNG	POLYGON((87.7390357906293 41.5814005281536,87.7390357906293 52.1542483517383,119.932515588764 52.1542483517383,119.932515588764 41.5814005281536,87.7390357906293 41.5814005281536))
MKD	POLYGON((20.4524221957804 40.8541983759783,20.4524221957804 42.3744824765663,23.0340942823768 42.3744824765663,23.0340942823768 40.8541983759783,20.4524221957804 40.8541983759783))
CHE	POLYGON((5.95746088027954 45.8256950378418,5.95746088027954 47.8053359985352,10.4914674758911 47.8053359985352,10.4914674758911 45.8256950378418,5.95746088027954 45.8256950378418))
MDG	POLYGON((43.1913795471191 -25.6089496612549,43.1913795471191 -11.9454326629639,50.4837799072266 -11.9454326629639,50.4837799072266 -25.6089496612549,43.1913795471191 -25.6089496612549))
AFG	POLYGON((60.478443145752 29.3774768667367,60.478443145752 38.4834261112114,74.8794311871666 38.4834261112114,74.8794311871666 29.3774768667367,60.478443145752 29.3774768667367))
UKR	POLYGON((22.1288986206055 44.3904190063477,22.1288986206055 52.3753734408838,40.2046165796919 52.3753734408838,40.2046165796919 44.3904190063477,22.1288986206055 44.3904190063477))
TKL	POLYGON((-172.500335693359 -9.38111114501953,-172.500335693359 -8.55361366271973,-171.21142578125 -8.55361366271973,-171.21142578125 -9.38111114501953,-172.500335693359 -9.38111114501953))
CYM	POLYGON((-81.4327774047852 19.2630290985107,-81.4327774047852 19.761697769165,-79.7272720336914 19.761697769165,-79.7272720336914 19.2630290985107,-81.4327774047852 19.2630290985107))
GRC	POLYGON((19.374439239502 34.8096389770508,19.374439239502 41.7574119567871,29.6470909118652 41.7574119567871,29.6470909118652 34.8096389770508,19.374439239502 34.8096389770508))
EST	POLYGON((21.7734546661377 57.5161895751953,21.7734546661377 59.6879577636719,28.2147789001465 59.6879577636719,28.2147789001465 57.5161895751953,21.7734546661377 57.5161895751953))
BRA	POLYGON((-73.9855346679688 -33.7507057189941,-73.9855346679688 5.2648777961731,-28.8390522003174 5.2648777961731,-28.8390522003174 -33.7507057189941,-73.9855346679688 -33.7507057189941))
YEM	POLYGON((41.8160473314233 12.1110930976142,41.8160473314233 18.9999994244195,54.5305402322251 18.9999994244195,54.5305402322251 12.1110930976142,41.8160473314233 12.1110930976142))
BLR	POLYGON((23.1768760681152 51.256404876709,23.1768760681152 56.1658058166504,32.7707981288177 56.1658058166504,32.7707981288177 51.256404876709,23.1768760681152 51.256404876709))
PRI	POLYGON((-67.9427261352539 17.8830451965332,-67.9427261352539 18.5201663970947,-65.2199859619141 18.5201663970947,-65.2199859619141 17.8830451965332,-67.9427261352539 17.8830451965332))
MHL	POLYGON((165.260025024414 4.57487201690674,165.260025024414 14.6551685333252,172.161987304688 14.6551685333252,172.161987304688 4.57487201690674,165.260025024414 4.57487201690674))
BTN	POLYGON((88.7597198486328 26.7076301574707,88.7597198486328 28.2484704943708,92.1247554239894 28.2484704943708,92.1247554239894 26.7076301574707,88.7597198486328 26.7076301574707))
CHN	POLYGON((73.5576999717946 18.1612655700906,73.5576999717946 53.5584987512748,134.781263740228 53.5584987512748,134.781263740228 18.1612655700906,73.5576999717946 18.1612655700906))
MUS	POLYGON((56.5127182006836 -20.5257167816162,56.5127182006836 -10.3192539215088,63.5001792907715 -10.3192539215088,63.5001792907715 -20.5257167816162,56.5127182006836 -20.5257167816162))
TLS	POLYGON((124.044654846191 -9.50465488433838,124.044654846191 -8.12687015533447,127.34211730957 -8.12687015533447,127.34211730957 -9.50465488433838,124.044654846191 -9.50465488433838))
TGO	POLYGON((-0.147323936223984 6.104416847229,-0.147323936223984 11.1389770507812,1.80669295787811 11.1389770507812,1.80669295787811 6.104416847229,-0.147323936223984 6.104416847229))
CMR	POLYGON((8.49476337432861 1.652547955513,8.49476337432861 13.0780563354492,16.1921157836914 13.0780563354492,16.1921157836914 1.652547955513,8.49476337432861 1.652547955513))
IDN	POLYGON((95.0093307495117 -11.0076150894165,95.0093307495117 5.90440988540649,141.02180480957 5.90440988540649,141.02180480957 -11.0076150894165,95.0093307495117 -11.0076150894165))
CRI	POLYGON((-87.0946502685547 5.49907398223877,-87.0946502685547 11.216817855835,-82.5559921264648 11.216817855835,-82.5559921264648 5.49907398223877,-87.0946502685547 5.49907398223877))
ZWE	POLYGON((25.2370281219482 -22.4177379608154,25.2370281219482 -15.6088342666626,33.0563049316406 -15.6088342666626,33.0563049316406 -22.4177379608154,25.2370281219482 -22.4177379608154))
EGY	POLYGON((24.6980991363525 22,24.6980991363525 31.6673450469971,36.2429328556259 31.6673450469971,36.2429328556259 22,24.6980991363525 22))
GRD	POLYGON((-61.799976348877 11.9923734664917,-61.799976348877 12.3193941116333,-61.5690765380859 12.3193941116333,-61.5690765380859 11.9923734664917,-61.799976348877 11.9923734664917))
POL	POLYGON((14.1229887008667 49.0063667297363,14.1229887008667 54.8391380310059,24.1507453918457 54.8391380310059,24.1507453918457 49.0063667297363,14.1229887008667 49.0063667297363))
MLI	POLYGON((-12.2426099777222 10.1595134735107,-12.2426099777222 25,4.24496793746948 25,4.24496793746948 10.1595134735107,-12.2426099777222 10.1595134735107))
IOT	POLYGON((71.2599716186523 -7.43803024291992,71.2599716186523 -5.22716093063354,72.4931564331055 -5.22716093063354,72.4931564331055 -7.43803024291992,71.2599716186523 -7.43803024291992))
MYS	POLYGON((98.9350357055664 0.855220019817352,98.9350357055664 7.36340713500977,119.267501831055 7.36340713500977,119.267501831055 0.855220019817352,98.9350357055664 0.855220019817352))
LTU	POLYGON((20.9415149688721 53.9013023376465,20.9415149688721 56.4468994140625,26.8719425201416 56.4468994140625,26.8719425201416 53.9013023376465,20.9415149688721 53.9013023376465))
MEX	POLYGON((-118.453948974609 14.532865524292,-118.453948974609 32.7167587280273,-86.7033920288086 32.7167587280273,-86.7033920288086 14.532865524292,-118.453948974609 14.532865524292))
AIA	POLYGON((-63.434871673584 18.1668148040771,-63.434871673584 18.6127872467041,-62.9320411682129 18.6127872467041,-62.9320411682129 18.1668148040771,-63.434871673584 18.1668148040771))
ROU	POLYGON((20.2643958025333 43.6272926330566,20.2643958025333 48.2669372558594,29.6910478034147 48.2669372558594,29.6910478034147 43.6272926330566,20.2643958025333 43.6272926330566))
SHN	POLYGON((-14.4212303161621 -40.3706321716309,-14.4212303161621 -7.88781499862671,-5.63875293731689 -7.88781499862671,-5.63875293731689 -40.3706321716309,-14.4212303161621 -40.3706321716309))
PER	POLYGON((-81.3267440795898 -18.3497276306152,-81.3267440795898 -0.0129770440980792,-68.6779861450195 -0.0129770440980792,-68.6779861450195 -18.3497276306152,-81.3267440795898 -18.3497276306152))
FJI	POLYGON((-180 -20.6759700775146,-180 -12.4801158905029,180 -12.4801158905029,180 -20.6759700775146,-180 -20.6759700775146))
AUS	POLYGON((112.911056518555 -54.7782859802246,112.911056518555 -9.22109699249268,159.111282348633 -9.22109699249268,159.111282348633 -54.7782859802246,112.911056518555 -54.7782859802246))
GLP	POLYGON((-63.1527671813965 15.8309726715088,-63.1527671813965 18.1306972503662,-61 18.1306972503662,-61 15.8309726715088,-63.1527671813965 15.8309726715088))
TON	POLYGON((-176.212631225586 -22.3457183837891,-176.212631225586 -15.5629873275757,-173.702484130859 -15.5629873275757,-173.702484130859 -22.3457183837891,-176.212631225586 -22.3457183837891))
NIC	POLYGON((-87.6903076171875 10.7075433731079,-87.6903076171875 15.0259094238281,-82.5920715332031 15.0259094238281,-82.5920715332031 10.7075433731079,-87.6903076171875 10.7075433731079))
AGO	POLYGON((11.6792192459106 -18.0420780181885,11.6792192459106 -4.37682485580444,24.0821189880371 -4.37682485580444,24.0821189880371 -18.0420780181885,11.6792192459106 -18.0420780181885))
MWI	POLYGON((32.6739501953125 -17.125,32.6739501953125 -9.36754131317139,35.916820526123 -9.36754131317139,35.916820526123 -17.125,32.6739501953125 -17.125))
GEO	POLYGON((40.0102382752725 41.0532493591309,40.0102382752725 43.5845412000008,46.7213592529297 43.5845412000008,46.7213592529297 41.0532493591309,40.0102382752725 41.0532493591309))
QAT	POLYGON((50.7572326660156 24.4733295440674,50.7572326660156 26.1775856018066,52.4275856018066 26.1775856018066,52.4275856018066 24.4733295440674,50.7572326660156 24.4733295440674))
RUS	POLYGON((-179.999998782005 41.1888655144212,-179.999998782005 81.8573696976523,179.999998782005 81.8573696976523,179.999998782005 41.1888655144212,-179.999998782005 41.1888655144212))
THA	POLYGON((97.3456268310547 5.61000967025757,97.3456268310547 20.4631862640381,105.639381408691 20.4631862640381,105.639381408691 5.61000967025757,97.3456268310547 5.61000967025757))
MMR	POLYGON((92.1892776489258 9.60035941692604,92.1892776489258 28.5471150932676,101.16821692376 28.5471150932676,101.16821692376 9.60035941692604,92.1892776489258 9.60035941692604))
FRO	POLYGON((-7.6812481880188 61.3949356079102,-7.6812481880188 62.4007453918457,-6.25860977172852 62.4007453918457,-6.25860977172852 61.3949356079102,-7.6812481880188 61.3949356079102))
TTO	POLYGON((-61.923770904541 10.0361051559448,-61.923770904541 11.338342666626,-60.4895515441895 11.338342666626,-60.4895515441895 10.0361051559448,-61.923770904541 10.0361051559448))
NOR	POLYGON((4.6501579284668 57.9665794372559,4.6501579284668 71.1881103515625,31.1381969451904 71.1881103515625,31.1381969451904 57.9665794372559,4.6501579284668 57.9665794372559))
ESP	POLYGON((-18.1696376800537 27.6388187408447,-18.1696376800537 43.7917213439941,4.3153920173645 43.7917213439941,4.3153920173645 27.6388187408447,-18.1696376800537 27.6388187408447))
ERI	POLYGON((36.4387664794922 12.359561920166,36.4387664794922 18.0030860900879,43.1486473083496 18.0030860900879,43.1486473083496 12.359561920166,36.4387664794922 12.359561920166))
IRL	POLYGON((-10.6181230545044 51.4245452880859,-10.6181230545044 55.4365043640137,-6.00238180160522 55.4365043640137,-6.00238180160522 51.4245452880859,-10.6181230545044 51.4245452880859))
BMU	POLYGON((-64.8960494995117 32.246639251709,-64.8960494995117 32.3938331604004,-64.6519927978516 32.3938331604004,-64.6519927978516 32.246639251709,-64.8960494995117 32.246639251709))
MNE	POLYGON((18.4339812760418 41.853128084912,18.4339812760418 43.5587013634167,20.3581867218018 43.5587013634167,20.3581867218018 41.853128084912,18.4339812760418 41.853128084912))
TUR	POLYGON((25.6685104370117 35.8154258728027,25.6685104370117 42.1076011657715,44.8349876403809 42.1076011657715,44.8349876403809 35.8154258728027,25.6685104370117 35.8154258728027))
FIN	POLYGON((19.3177013397217 59.767578125,19.3177013397217 70.0960540771484,31.5809443764369 70.0960540771484,31.5809443764369 59.767578125,19.3177013397217 59.767578125))
HND	POLYGON((-89.3507919311523 12.9824113845825,-89.3507919311523 17.4236278533936,-83.155403137207 17.4236278533936,-83.155403137207 12.9824113845825,-89.3507919311523 12.9824113845825))
UMI	POLYGON((-176.484786987305 0.194291010499001,-176.484786987305 0.206694036722183,-176.47380065918 0.206694036722183,-176.47380065918 0.194291010499001,-176.484786987305 0.194291010499001))
MCO	POLYGON((7.39574718475342 43.7319602966309,7.39574718475342 43.7695159912109,7.45228624343872 43.7695159912109,7.45228624343872 43.7319602966309,7.39574718475342 43.7319602966309))
UZB	POLYGON((55.9996685286078 37.1843293092084,55.9996685286078 45.5908971176068,73.1322692613871 45.5908971176068,73.1322692613871 37.1843293092084,55.9996685286078 37.1843293092084))
RWA	POLYGON((28.8567943572998 -2.84067893028259,28.8567943572998 -1.05348110198975,30.8959579467773 -1.05348110198975,30.8959579467773 -2.84067893028259,28.8567943572998 -2.84067893028259))
SJM	POLYGON((-9.07988929748535 70.8273696899414,-9.07988929748535 80.8340530395508,33.4970932006836 80.8340530395508,33.4970932006836 70.8273696899414,-9.07988929748535 70.8273696899414))
NER	POLYGON((0.166250005364418 11.6969747543335,0.166250005364418 23.5250282287598,15.9956426620483 23.5250282287598,15.9956426620483 11.6969747543335,0.166250005364418 11.6969747543335))
KAZ	POLYGON((46.491856128684 40.5911113829229,46.491856128684 55.4318115974474,87.3126588419077 55.4318115974474,87.3126588419077 40.5911113829229,46.491856128684 40.5911113829229))
JEY	POLYGON((-2.26001906394958 49.1698303222656,-2.26001906394958 49.2650604248047,-2.02209401130676 49.2650604248047,-2.02209401130676 49.1698303222656,-2.26001906394958 49.1698303222656))
NAM	POLYGON((11.715630531311 -28.9714298248291,11.715630531311 -16.9598941802979,25.2567005157471 -16.9598941802979,25.2567005157471 -28.9714298248291,11.715630531311 -28.9714298248291))
JPN	POLYGON((122.938507080078 24.0364665985107,122.938507080078 45.523136138916,153.985229492188 45.523136138916,153.985229492188 24.0364665985107,122.938507080078 24.0364665985107))
GUY	POLYGON((-61.3962707519531 1.17508006095886,-61.3962707519531 8.55756664276123,-56.4802513122559 8.55756664276123,-56.4802513122559 1.17508006095886,-61.3962707519531 1.17508006095886))
SYR	POLYGON((35.58689830203 32.3164374084208,35.58689830203 37.3191452026367,42.3850402832031 37.3191452026367,42.3850402832031 32.3164374084208,35.58689830203 32.3164374084208))
BIH	POLYGON((15.7419136281046 42.5613989224485,15.7419136281046 45.2759241779795,19.6219360034329 45.2759241779795,19.6219360034329 42.5613989224485,15.7419136281046 42.5613989224485))
JAM	POLYGON((-78.3666381835938 17.7035541534424,-78.3666381835938 18.5269756317139,-76.1803207397461 18.5269756317139,-76.1803207397461 17.7035541534424,-78.3666381835938 17.7035541534424))
GGY	POLYGON((-2.68248271942139 49.4127807617188,-2.68248271942139 49.738597869873,-2.1638970375061 49.738597869873,-2.1638970375061 49.4127807617188,-2.68248271942139 49.4127807617188))
FRA	POLYGON((-5.14223098754883 41.3387832641602,-5.14223098754883 51.0928115844727,9.56155300140381 51.0928115844727,9.56155300140381 41.3387832641602,-5.14223098754883 41.3387832641602))
ASM	POLYGON((-171.091888427734 -14.3824777603149,-171.091888427734 -11.0496997833252,-169.416076660156 -11.0496997833252,-169.416076660156 -14.3824777603149,-171.091888427734 -14.3824777603149))
LCA	POLYGON((-61.0741500854492 13.7047777175903,-61.0741500854492 14.1032447814941,-60.8742027282715 14.1032447814941,-60.8742027282715 13.7047777175903,-61.0741500854492 13.7047777175903))
NIU	POLYGON((-169.95100402832 -19.152193069458,-169.95100402832 -18.9510688781738,-169.775177001953 -18.9510688781738,-169.775177001953 -19.152193069458,-169.95100402832 -19.152193069458))
FLK	POLYGON((-61.3451919555664 -52.9005813598633,-61.3451919555664 -51.0149459838867,-57.7124862670898 -51.0149459838867,-57.7124862670898 -52.9005813598633,-61.3451919555664 -52.9005813598633))
AND	POLYGON((1.42210400104523 42.4350891113281,1.42210400104523 42.6587066650391,1.78038597106934 42.6587066650391,1.78038597106934 42.4350891113281,1.42210400104523 42.4350891113281))
SMR	POLYGON((12.4018678665161 43.8979072570801,12.4018678665161 43.9998054504395,12.5155649185181 43.9998054504395,12.5155649185181 43.8979072570801,12.4018678665161 43.8979072570801))
DJI	POLYGON((41.7734413146973 10.9099149703979,41.7734413146973 12.7068357467651,43.4169807434082 12.7068357467651,43.4169807434082 10.9099149703979,41.7734413146973 10.9099149703979))
NFK	POLYGON((168.00798034668 -29.1193675994873,168.00798034668 -28.9949321746826,168.091598510742 -28.9949321746826,168.091598510742 -29.1193675994873,168.00798034668 -29.1193675994873))
BOL	POLYGON((-69.6407623291016 -22.8961334228516,-69.6407623291016 -9.68056678771973,-57.4580955505371 -9.68056678771973,-57.4580955505371 -22.8961334228516,-69.6407623291016 -22.8961334228516))
URY	POLYGON((-58.4427223205566 -35.0479431152344,-58.4427223205566 -30.0822238922119,-53.0739326477051 -30.0822238922119,-53.0739326477051 -35.0479431152344,-58.4427223205566 -35.0479431152344))
AZE	POLYGON((44.771915435791 38.2628135681152,44.771915435791 42.7107620239258,51.6758422851562 42.7107620239258,51.6758422851562 38.2628135681152,44.771915435791 38.2628135681152))
TUV	POLYGON((176.064865112305 -9.436203956604,176.064865112305 -5.64198207855225,179.863372802734 -5.64198207855225,179.863372802734 -9.436203956604,176.064865112305 -9.436203956604))
SOM	POLYGON((40.9886322021484 -1.66205310821533,40.9886322021484 11.9852027893066,51.4130325317383 11.9852027893066,51.4130325317383 -1.66205310821533,40.9886322021484 -1.66205310821533))
ZAF	POLYGON((16.4580211639404 -46.978931427002,16.4580211639404 -22.1266117095947,38.0004653930664 -22.1266117095947,38.0004653930664 -46.978931427002,16.4580211639404 -46.978931427002))
SVK	POLYGON((16.8477401733398 47.7281074523926,16.8477401733398 49.6031532287598,22.5704402923584 49.6031532287598,22.5704402923584 47.7281074523926,16.8477401733398 47.7281074523926))
SPM	POLYGON((-56.4206581115723 46.7532653808594,-56.4206581115723 47.1462860107422,-56.1573677062988 47.1462860107422,-56.1573677062988 46.7532653808594,-56.4206581115723 46.7532653808594))
PRK	POLYGON((124.315881085974 37.6733347924169,124.315881085974 43.0115889897043,130.674864489404 43.0115889897043,130.674864489404 37.6733347924169,124.315881085974 37.6733347924169))
NRU	POLYGON((166.899017333984 -0.552322030067444,166.899017333984 -0.504297077655792,166.945266723633 -0.504297077655792,166.945266723633 -0.552322030067444,166.899017333984 -0.552322030067444))
KGZ	POLYGON((69.2766189575195 39.1728439331055,69.2766189575195 43.2382343480435,80.2831788273311 43.2382343480435,80.2831788273311 39.1728439331055,69.2766189575195 39.1728439331055))
IRN	POLYGON((44.0472640991211 25.0640869140625,44.0472640991211 39.7772216796875,63.3174591064453 39.7772216796875,63.3174591064453 25.0640869140625,44.0472640991211 25.0640869140625))
MYT	POLYGON((45.0146179199219 -13.0001316070557,45.0146179199219 -12.6338367462158,45.2929496765137 -12.6338367462158,45.2929496765137 -13.0001316070557,45.0146179199219 -13.0001316070557))
LAO	POLYGON((100.093063377846 13.9100217819214,100.093063377846 22.5051870085917,107.697021484375 22.5051870085917,107.697021484375 13.9100217819214,100.093063377846 13.9100217819214))
VUT	POLYGON((166.524978637695 -20.2489490509033,166.524978637695 -13.0734424591064,170.234786987305 -13.0734424591064,170.234786987305 -20.2489490509033,166.524978637695 -20.2489490509033))
KHM	POLYGON((102.339996337891 9.91358947753906,102.339996337891 14.6864042282104,107.627723693848 14.6864042282104,107.627723693848 9.91358947753906,102.339996337891 9.91358947753906))
SVN	POLYGON((13.3830709457397 45.4213790893555,13.3830709457397 46.8779144287109,16.6026515960693 46.8779144287109,16.6026515960693 45.4213790893555,13.3830709457397 45.4213790893555))
PLW	POLYGON((131.169235229492 3.00114488601685,131.169235229492 8.09291934967041,134.723724365234 8.09291934967041,134.723724365234 3.00114488601685,131.169235229492 3.00114488601685))
MSR	POLYGON((-62.2425842285156 16.6710071563721,-62.2425842285156 16.8173294067383,-62.1464195251465 16.8173294067383,-62.1464195251465 16.6710071563721,-62.2425842285156 16.6710071563721))
BDI	POLYGON((28.9930610656738 -4.4657130241394,28.9930610656738 -2.31012296676636,30.847728729248 -2.31012296676636,30.847728729248 -4.4657130241394,28.9930610656738 -4.4657130241394))
DMA	POLYGON((-61.4841079711914 15.2016897201538,-61.4841079711914 15.6318092346191,-61.2441520690918 15.6318092346191,-61.2441520690918 15.2016897201538,-61.4841079711914 15.2016897201538))
GUF	POLYGON((-54.5948104858398 2.12709403038025,-54.5948104858398 5.77649593353271,-51.6139488220215 5.77649593353271,-51.6139488220215 2.12709403038025,-54.5948104858398 2.12709403038025))
TCA	POLYGON((-72.4838714599609 21.1700382232666,-72.4838714599609 21.973611831665,-71.0803375244141 21.973611831665,-71.0803375244141 21.1700382232666,-72.4838714599609 21.1700382232666))
KWT	POLYGON((46.5575866699219 28.5246143341064,46.5575866699219 30.0959529876709,48.431468963623 30.0959529876709,48.431468963623 28.5246143341064,46.5575866699219 28.5246143341064))
UGA	POLYGON((29.5732517242432 -1.4840499162674,29.5732517242432 4.21442699432373,35.0360488891602 4.21442699432373,35.0360488891602 -1.4840499162674,29.5732517242432 -1.4840499162674))
VNM	POLYGON((102.146911621094 8.41422271728516,102.146911621094 23.389030456543,109.469429016113 23.389030456543,109.469429016113 8.41422271728516,102.146911621094 8.41422271728516))
DEU	POLYGON((5.86562728881836 47.2757873535156,5.86562728881836 55.0556488037109,15.0398788452148 55.0556488037109,15.0398788452148 47.2757873535156,5.86562728881836 47.2757873535156))
MOZ	POLYGON((30.2173194885254 -26.8686847686768,30.2173194885254 -10.4721984863281,40.8406257629395 -10.4721984863281,40.8406257629395 -26.8686847686768,30.2173194885254 -26.8686847686768))
CPV	POLYGON((-25.3587474822998 14.8022136688232,-25.3587474822998 17.1971778869629,-22.6694431304932 17.1971778869629,-22.6694431304932 14.8022136688232,-25.3587474822998 14.8022136688232))
ECU	POLYGON((-92.0107727050781 -4.99882316589355,-92.0107727050781 1.66477298736572,-75.1845855712891 1.66477298736572,-75.1845855712891 -4.99882316589355,-92.0107727050781 -4.99882316589355))
ZMB	POLYGON((21.9993705749512 -18.0794734954834,21.9993705749512 -8.25498104095459,33.7057037353516 -8.25498104095459,33.7057037353516 -18.0794734954834,21.9993705749512 -18.0794734954834))
GTM	POLYGON((-92.2414932250977 13.7373008728027,-92.2414932250977 17.8152198791504,-88.2231979370117 17.8152198791504,-88.2231979370117 13.7373008728027,-92.2414932250977 13.7373008728027))
SGP	POLYGON((103.638282775879 1.16403806209564,103.638282775879 1.47127199172974,104.090042114258 1.47127199172974,104.090042114258 1.16403806209564,103.638282775879 1.16403806209564))
NPL	POLYGON((80.056282043457 26.35671043396,80.056282043457 30.4496761984628,88.1993255615234 30.4496761984628,88.1993255615234 26.35671043396,80.056282043457 26.35671043396))
KEN	POLYGON((33.9088592529297 -4.67804889429017,33.9088592529297 4.61999988555908,34.3784599304199 4.61999988555908,34.3784599304199 5.02304983139038,35.5087699890137 5.02304983139038,35.5087699890137 4.61999988555908,41.8990783691406 4.61999988555908,41.8990783691406 -4.67804889429017,33.9088592529297 -4.67804889429017))
REU	POLYGON((55.2190856933594 -21.3722114562988,55.2190856933594 -20.8568553924561,55.8450393676758 -20.8568553924561,55.8450393676758 -21.3722114562988,55.2190856933594 -21.3722114562988))
LIE	POLYGON((9.47781562805176 47.0558586120605,9.47781562805176 47.2735404968262,9.63218975067139 47.2735404968262,9.63218975067139 47.0558586120605,9.47781562805176 47.0558586120605))
CAN	POLYGON((-141 41.7082977294922,-141 83.1106185913086,-52.6362915039062 83.1106185913086,-52.6362915039062 41.7082977294922,-141 41.7082977294922))
GNB	POLYGON((-16.7086426288963 10.8599700927734,-16.7086426288963 12.6807899475098,-13.6365222930908 12.6807899475098,-13.6365222930908 10.8599700927734,-16.7086426288963 10.8599700927734))
CXR	POLYGON((105.538948059082 -10.575852394104,105.538948059082 -10.4157867431641,105.719589233398 -10.4157867431641,105.719589233398 -10.575852394104,105.538948059082 -10.575852394104))
DOM	POLYGON((-72.0034866333008 17.4700908660889,-72.0034866333008 19.929859161377,-68.3199996948242 19.929859161377,-68.3199996948242 17.4700908660889,-72.0034866333008 17.4700908660889))
BGR	POLYGON((22.3569150677754 41.242073059082,22.3569150677754 44.2154496884746,28.6121597290039 44.2154496884746,28.6121597290039 41.242073059082,22.3569150677754 41.242073059082))
LKA	POLYGON((79.5213394165039 5.91947460174561,79.5213394165039 9.83505249023438,81.8790512084961 9.83505249023438,81.8790512084961 5.91947460174561,79.5213394165039 5.91947460174561))
LSO	POLYGON((27.0290679931641 -30.6689643859863,27.0290679931641 -28.572057723999,29.4657611846924 -28.572057723999,29.4657611846924 -30.6689643859863,27.0290679931641 -30.6689643859863))
AUT	POLYGON((9.53591442108154 46.3780403137207,9.53591442108154 49.0170631408691,17.1627178192139 49.0170631408691,17.1627178192139 46.3780403137207,9.53591442108154 46.3780403137207))
TUN	POLYGON((7.524827003479 30.2404308319092,7.524827003479 37.5439300537109,11.5982704162598 37.5439300537109,11.5982704162598 30.2404308319092,7.524827003479 30.2404308319092))
BHS	POLYGON((-80.4992370605469 20.9160671234131,-80.4992370605469 27.232027053833,-72.7115936279297 27.232027053833,-72.7115936279297 20.9160671234131,-80.4992370605469 20.9160671234131))
JOR	POLYGON((34.9600105078453 29.185036877479,34.9600105078453 33.3747214708255,39.3011665344238 33.3747214708255,39.3011665344238 29.185036877479,34.9600105078453 29.185036877479))
GHA	POLYGON((-3.25541996955872 4.73672294616699,-3.25541996955872 11.173300743103,1.19178104400635 11.173300743103,1.19178104400635 4.73672294616699,-3.25541996955872 4.73672294616699))
CYP	POLYGON((32.2730865478516 34.6315002441406,32.2730865478516 35.7015380859375,34.5979194641113 35.7015380859375,34.5979194641113 34.6315002441406,32.2730865478516 34.6315002441406))
IMN	POLYGON((-4.83018064498901 54.0446395874023,-4.83018064498901 54.4197311401367,-4.31150007247925 54.4197311401367,-4.31150007247925 54.0446395874023,-4.83018064498901 54.0446395874023))
SRB	POLYGON((18.8509515027022 41.8523488298301,18.8509515027022 46.189446875092,23.005271666887 46.189446875092,23.005271666887 41.8523488298301,18.8509515027022 41.8523488298301))
GIB	POLYGON((-5.35725688934326 36.1124038696289,-5.35725688934326 36.159797668457,-5.3396520614624 36.159797668457,-5.3396520614624 36.1124038696289,-5.35725688934326 36.1124038696289))
DZA	POLYGON((-8.67386722564697 18.9600276947021,-8.67386722564697 37.0937347412109,11.9795484542847 37.0937347412109,11.9795484542847 18.9600276947021,-8.67386722564697 18.9600276947021))
LVA	POLYGON((20.9742660522461 55.6688575744629,20.9742660522461 58.0823059082031,28.2411618688675 58.0823059082031,28.2411618688675 55.6688575744629,20.9742660522461 55.6688575744629))
ATA	POLYGON((-180 -89.9000015258789,-180 -60.5155334472656,180 -60.5155334472656,180 -89.9000015258789,-180 -89.9000015258789))
WSM	POLYGON((-172.798599243164 -14.063533782959,-172.798599243164 -13.4322071075439,-171.409317016602 -13.4322071075439,-171.409317016602 -14.063533782959,-172.798599243164 -14.063533782959))
SAU	POLYGON((34.4956858011401 16.3795282927749,34.4956858011401 32.1533046134437,55.6666974159316 32.1533046134437,55.6666974159316 16.3795282927749,34.4956858011401 16.3795282927749))
ARM	POLYGON((43.449779510498 38.8305206298828,43.449779510498 41.3018379211426,46.6300354003906 41.3018379211426,46.6300354003906 38.8305206298828,43.449779510498 38.8305206298828))
NCL	POLYGON((158.197631835938 -22.7146434783936,158.197631835938 -19.1038017272949,172.061401367188 -19.1038017272949,172.061401367188 -22.7146434783936,158.197631835938 -22.7146434783936))
ALB	POLYGON((19.2756160547515 39.6444801673692,19.2756160547515 42.6610846376834,21.0572813000849 42.6610846376834,21.0572813000849 39.6444801673692,19.2756160547515 39.6444801673692))
BHR	POLYGON((50.3858489990234 25.5422401428223,50.3858489990234 26.2825965881348,50.8286933898926 26.2825965881348,50.8286933898926 25.5422401428223,50.3858489990234 25.5422401428223))
SLV	POLYGON((-90.128662109375 13.1486787796021,-90.128662109375 14.4450674057007,-87.6921615600586 14.4450674057007,-87.6921615600586 13.1486787796021,-90.128662109375 13.1486787796021))
VIR	POLYGON((-65.0862808227539 17.6817245483398,-65.0862808227539 18.4581432342529,-64.5651779174805 18.4581432342529,-64.5651779174805 17.6817245483398,-65.0862808227539 17.6817245483398))
HRV	POLYGON((13.4932257509086 42.3898252888102,13.4932257509086 46.5386390686035,19.4491181810085 46.5386390686035,19.4491181810085 42.3898252888102,13.4932257509086 42.3898252888102))
IND	POLYGON((68.1862487792969 6.75425624847412,68.1862487792969 33.1719360351562,97.1670608520508 33.1719360351562,97.1670608520508 6.75425624847412,68.1862487792969 6.75425624847412))
TCD	POLYGON((13.4734754562378 7.44106817245483,13.4734754562378 23.4503688812256,24.0026607513428 23.4503688812256,24.0026607513428 7.44106817245483,13.4734754562378 7.44106817245483))
COM	POLYGON((43.2157897949219 -12.4138212203979,43.2157897949219 -11.3623819351196,44.5382232666016 -11.3623819351196,44.5382232666016 -12.4138212203979,43.2157897949219 -12.4138212203979))
HKG	POLYGON((113.837738948297 22.1532420169233,113.837738948297 22.5644721984863,114.434753114886 22.5644721984863,114.434753114886 22.1532420169233,113.837738948297 22.1532420169233))
LBY	POLYGON((9.38702011108398 19.5080432891846,9.38702011108398 33.1690063476562,25.1506195068359 33.1690063476562,25.1506195068359 19.5080432891846,9.38702011108398 19.5080432891846))
USA	POLYGON((-179.141250610352 18.9136848449707,-179.141250610352 71.3906555175781,179.77848815918 71.3906555175781,179.77848815918 18.9136848449707,-179.141250610352 18.9136848449707))
PYF	POLYGON((-154.688171386719 -27.6535720825195,-154.688171386719 -7.82824611663818,-134.878341674805 -7.82824611663818,-134.878341674805 -27.6535720825195,-154.688171386719 -27.6535720825195))
DNK	POLYGON((8.07560348510742 54.5623817443848,8.07560348510742 57.7484092712402,15.1935615760651 57.7484092712402,15.1935615760651 54.5623817443848,8.07560348510742 54.5623817443848))
FSM	POLYGON((138.052810668945 5.25984525680542,138.052810668945 11.6750059127808,163.034896850586 11.6750059127808,163.034896850586 5.25984525680542,138.052810668945 5.25984525680542))
ISL	POLYGON((-24.5465240478516 63.2867546081543,-24.5465240478516 66.5637741088867,-13.4958152770996 66.5637741088867,-13.4958152770996 63.2867546081543,-24.5465240478516 63.2867546081543))
MRT	POLYGON((-17.066520690918 14.7155456542969,-17.066520690918 27.2980728149414,-4.82767391204834 27.2980728149414,-4.82767391204834 14.7155456542969,-17.066520690918 14.7155456542969))
CHL	POLYGON((-109.45588684082 -55.9794960021973,-109.45588684082 -17.4989566802979,-66.4175567626953 -17.4989566802979,-66.4175567626953 -55.9794960021973,-109.45588684082 -55.9794960021973))
SUR	POLYGON((-58.0865631103516 1.83114504814148,-58.0865631103516 6.00454616546631,-53.9774932861328 6.00454616546631,-53.9774932861328 1.83114504814148,-58.0865631103516 1.83114504814148))
SYC	POLYGON((46.2035675048828 -10.2279481887817,46.2035675048828 -3.7142322063446,56.2943382263184 -3.7142322063446,56.2943382263184 -10.2279481887817,46.2035675048828 -10.2279481887817))
GIN	POLYGON((-15.0862560272217 7.19355201721191,-15.0862560272217 12.6762199401855,-7.64107084274292 12.6762199401855,-7.64107084274292 7.19355201721191,-15.0862560272217 7.19355201721191))
GBR	POLYGON((-8.65067768096924 49.8858833312988,-8.65067768096924 60.8457984924316,1.75900208950043 60.8457984924316,1.75900208950043 49.8858833312988,-8.65067768096924 49.8858833312988))
MTQ	POLYGON((-61.2301177978516 14.3922624588013,-61.2301177978516 14.8788194656372,-60.8155097961426 14.8788194656372,-60.8155097961426 14.3922624588013,-61.2301177978516 14.3922624588013))
LUX	POLYGON((5.73454999923706 49.4465751647949,5.73454999923706 50.1849517822266,6.52846002578735 50.1849517822266,6.52846002578735 49.4465751647949,5.73454999923706 49.4465751647949))
NLD	POLYGON((3.3625500202179 50.7539291381836,3.3625500202179 53.5551490783691,7.22793817520142 53.5551490783691,7.22793817520142 50.7539291381836,3.3625500202179 50.7539291381836))
PHL	POLYGON((116.928298950195 4.61630773544312,116.928298950195 20.9323253631592,126.607383728027 20.9323253631592,126.607383728027 4.61630773544312,116.928298950195 4.61630773544312))
COD	POLYGON((12.2066316604614 -13.4556760787964,12.2066316604614 5.38609790802002,31.3059120178223 5.38609790802002,31.3059120178223 -13.4556760787964,12.2066316604614 -13.4556760787964))
SLE	POLYGON((-13.3076305389404 6.92868900299072,-13.3076305389404 10.0004329681396,-10.2842378616333 10.0004329681396,-10.2842378616333 6.92868900299072,-13.3076305389404 6.92868900299072))
WLF	POLYGON((-178.206787109375 -14.3877906799316,-178.206787109375 -13.2142505645752,-176.128784179688 -13.2142505645752,-176.128784179688 -14.3877906799316,-178.206787109375 -14.3877906799316))
SEN	POLYGON((-17.5301475524902 12.307279586792,-17.5301475524902 16.69162940979,-11.3558902740479 16.69162940979,-11.3558902740479 12.307279586792,-17.5301475524902 12.307279586792))
CCK	POLYGON((96.8212738037109 -12.1854295730591,96.8212738037109 -11.8039150238037,96.9360961914062 -11.8039150238037,96.9360961914062 -12.1854295730591,96.8212738037109 -12.1854295730591))
BVT	POLYGON((3.33549904823303 -54.4623794555664,3.33549904823303 -54.4003219604492,3.48797607421875 -54.4003219604492,3.48797607421875 -54.4623794555664,3.33549904823303 -54.4623794555664))
BFA	POLYGON((-5.51891613006592 9.40110778808594,-5.51891613006592 15.0825929641724,2.40539503097534 15.0825929641724,2.40539503097534 9.40110778808594,-5.51891613006592 9.40110778808594))
ATG	POLYGON((-62.352409362793 16.9272212982178,-62.352409362793 17.7293872833252,-61.6590843200684 17.7293872833252,-61.6590843200684 16.9272212982178,-62.352409362793 16.9272212982178))
ETH	POLYGON((32.9999389648438 3.40242195129395,32.9999389648438 14.8935699462891,47.9861793518066 14.8935699462891,47.9861793518066 3.40242195129395,32.9999389648438 3.40242195129395))
MNP	POLYGON((144.886077880859 14.1073589324951,144.886077880859 20.5427989959717,146.08122253418 20.5427989959717,146.08122253418 14.1073589324951,144.886077880859 14.1073589324951))
GAB	POLYGON((8.69547080993652 -3.97880601882935,8.69547080993652 2.32261204719543,14.5023469924927 2.32261204719543,14.5023469924927 -3.97880601882935,8.69547080993652 -3.97880601882935))
ABW	POLYGON((-70.0611343383789 12.4060926437378,-70.0611343383789 12.6306180953979,-69.8668670654297 12.6306180953979,-69.8668670654297 12.4060926437378,-70.0611343383789 12.4060926437378))
TKM	POLYGON((51.2501792907715 35.1410942077637,51.2501792907715 42.7955519778593,66.6843034404656 42.7955519778593,66.6843034404656 35.1410942077637,51.2501792907715 35.1410942077637))
BRN	POLYGON((114.101625417642 4.0030951499939,114.101625417642 5.04717302322388,115.359443664551 5.04717302322388,115.359443664551 4.0030951499939,114.101625417642 4.0030951499939))
MLT	POLYGON((14.1915817260742 35.8102912902832,14.1915817260742 36.0820159912109,14.5776271820068 36.0820159912109,14.5776271820068 35.8102912902832,14.1915817260742 35.8102912902832))
CUB	POLYGON((-84.9574279785156 19.8280830383301,-84.9574279785156 23.2837810516357,-74.1317749023438 23.2837810516357,-74.1317749023438 19.8280830383301,-84.9574279785156 19.8280830383301))
PAK	POLYGON((60.8785972595215 23.6946830749512,60.8785972595215 36.907569336227,75.3818664550781 36.907569336227,75.3818664550781 23.6946830749512,60.8785972595215 23.6946830749512))
KIR	POLYGON((-174.546661376953 -11.4370384216309,-174.546661376953 4.71957015991211,176.850128173828 4.71957015991211,176.850128173828 -11.4370384216309,-174.546661376953 -11.4370384216309))
BEL	POLYGON((2.54694700241089 49.4936141967773,2.54694700241089 51.5054359436035,6.40386724472046 51.5054359436035,6.40386724472046 49.4936141967773,2.54694700241089 49.4936141967773))
BWA	POLYGON((19.9995346069336 -26.9072456359863,19.9995346069336 -17.7808132171631,29.3607807159424 -17.7808132171631,29.3607807159424 -26.9072456359863,19.9995346069336 -26.9072456359863))
MAC	POLYGON((113.529343838332 22.1106743895252,113.529343838332 22.2145216840963,113.591042505412 22.2145216840963,113.591042505412 22.1106743895252,113.529343838332 22.1106743895252))
GUM	POLYGON((144.619247436523 13.2405977249146,144.619247436523 13.652322769165,144.953979492188 13.652322769165,144.953979492188 13.2405977249146,144.619247436523 13.2405977249146))
ARG	POLYGON((-73.5829696655273 -55.0613136291504,-73.5829696655273 -21.7812767028809,-53.5918350219727 -21.7812767028809,-53.5918350219727 -55.0613136291504,-73.5829696655273 -55.0613136291504))
VCT	POLYGON((-61.5009727478027 12.4067096710205,-61.5009727478027 13.3778343200684,-61.1138801574707 13.3778343200684,-61.1138801574707 12.4067096710205,-61.5009727478027 12.4067096710205))
CAF	POLYGON((14.4200973510742 2.22051405906677,14.4200973510742 11.0075693130493,27.4634208679199 11.0075693130493,27.4634208679199 2.22051405906677,14.4200973510742 2.22051405906677))
MAR	POLYGON((-13.1685857772827 27.6621150970459,-13.1685857772827 35.9280166625977,-0.991741895675659 35.9280166625977,-0.991741895675659 27.6621150970459,-13.1685857772827 27.6621150970459))
NZL	POLYGON((-178.564163208008 -52.607593536377,-178.564163208008 -29.241096496582,179.102386474609 -29.241096496582,179.102386474609 -52.607593536377,-178.564163208008 -52.607593536377))
LBN	POLYGON((35.1142702722668 33.054565502649,35.1142702722668 34.6848555370361,36.6253637467407 34.6848555370361,36.6253637467407 33.054565502649,35.1142702722668 33.054565502649))
KNA	POLYGON((-62.8695602416992 17.0953426361084,-62.8695602416992 17.4201183319092,-62.5432662963867 17.4201183319092,-62.5432662963867 17.0953426361084,-62.8695602416992 17.0953426361084))
CZE	POLYGON((12.0961952209473 48.5429191589355,12.0961952209473 51.0588874816895,18.8600978851318 51.0588874816895,18.8600978851318 48.5429191589355,12.0961952209473 48.5429191589355))
KOR	POLYGON((124.608137757707 33.1061096191406,124.608137757707 38.6124420166016,130.923217773438 38.6124420166016,130.923217773438 33.1061096191406,124.608137757707 33.1061096191406))
GNQ	POLYGON((5.60236692428589 -1.45994603633881,5.60236692428589 3.7859799861908,11.3357238769531 3.7859799861908,11.3357238769531 -1.45994603633881,5.60236692428589 -1.45994603633881))
ESH	POLYGON((-17.1031818389893 20.7741584777832,-17.1031818389893 27.6696739196777,-8.67027568817139 27.6696739196777,-8.67027568817139 20.7741584777832,-17.1031818389893 20.7741584777832))
VGB	POLYGON((-64.7830047607422 18.3127365112305,-64.7830047607422 18.7572212219238,-64.2687683105469 18.7572212219238,-64.2687683105469 18.3127365112305,-64.7830047607422 18.3127365112305))
GMB	POLYGON((-16.8250789642334 13.0642518997194,-16.8250789642334 13.8265695571899,-13.7977895736694 13.8265695571899,-13.7977895736694 13.0642518997194,-16.8250789642334 13.0642518997194))
PCN	POLYGON((-130.746047973633 -25.077522277832,-130.746047973633 -23.9172706604004,-124.772850036621 -23.9172706604004,-124.772850036621 -25.077522277832,-130.746047973633 -25.077522277832))
NGA	POLYGON((2.66843199729919 4.27714395523071,2.66843199729919 13.8920068740845,14.6800727844238 13.8920068740845,14.6800727844238 4.27714395523071,2.66843199729919 4.27714395523071))
STP	POLYGON((6.47017002105713 -0.0140039948746562,6.47017002105713 1.70132303237915,7.46637392044067 1.70132303237915,7.46637392044067 -0.0140039948746562,6.47017002105713 -0.0140039948746562))
COG	POLYGON((11.2050094604492 -5.02722263336182,11.2050094604492 3.70308184623718,18.6498394012451 3.70308184623718,18.6498394012451 -5.02722263336182,11.2050094604492 -5.02722263336182))
HTI	POLYGON((-74.4811553955078 18.0230445861816,-74.4811553955078 20.0896396636963,-71.6133575439453 20.0896396636963,-71.6133575439453 18.0230445861816,-74.4811553955078 18.0230445861816))
SSD	POLYGON((24.151927947998 3.48638987541199,24.151927947998 12.2376718521118,35.9477005004883 12.2376718521118,35.9477005004883 3.48638987541199,24.151927947998 3.48638987541199))
LBR	POLYGON((-11.4920825958252 4.35305690765381,-11.4920825958252 8.55179119110107,-7.36511278152466 8.55179119110107,-7.36511278152466 4.35305690765381,-11.4920825958252 4.35305690765381))
PNG	POLYGON((140.842864990234 -11.6578540802002,140.842864990234 -0.877891957759857,159.47819519043 -0.877891957759857,159.47819519043 -11.6578540802002,140.842864990234 -11.6578540802002))
ISR	POLYGON((34.2674789428711 29.4915291889069,34.2674789428711 33.2894748938743,35.669934806795 33.2894748938743,35.669934806795 29.4915291889069,34.2674789428711 29.4915291889069))
SWZ	POLYGON((30.7941074371338 -27.3171005249023,30.7941074371338 -25.7196483612061,32.1372604370117 -25.7196483612061,32.1372604370117 -27.3171005249023,30.7941074371338 -27.3171005249023))
SLB	POLYGON((155.50862121582 -12.2919006347656,155.50862121582 -5.07829523086548,168.843505859375 -5.07829523086548,168.843505859375 -12.2919006347656,155.50862121582 -12.2919006347656))
MDV	POLYGON((72.6838989257812 -0.692701995372772,72.6838989257812 7.09836292266846,73.7061767578125 7.09836292266846,73.7061767578125 -0.692701995372772,72.6838989257812 -0.692701995372772))
SDN	POLYGON((21.8389472961426 8.64546379344637,21.8389472961426 22.9131927490234,38.5800361633301 22.9131927490234,38.5800361633301 8.64546379344637,21.8389472961426 8.64546379344637))
BRB	POLYGON((-59.6489219665527 13.0398435592651,-59.6489219665527 13.3272571563721,-59.4203758239746 13.3272571563721,-59.4203758239746 13.0398435592651,-59.6489219665527 13.0398435592651))
ARE	POLYGON((51.5427354581338 22.6340718701335,51.5427354581338 26.0788475403665,56.3750730272604 26.0788475403665,56.3750730272604 22.6340718701335,51.5427354581338 22.6340718701335))
SWE	POLYGON((10.9867343902588 55.3371238708496,10.9867343902588 69.0625,24.1632823944092 69.0625,24.1632823944092 55.3371238708496,10.9867343902588 55.3371238708496))
COK	POLYGON((-165.858093261719 -21.9441661834717,-165.858093261719 -8.94402980804443,-157.312133789062 -8.94402980804443,-157.312133789062 -21.9441661834717,-165.858093261719 -21.9441661834717))